0.00316701
0.00683481
0.00690308
0.00694092
0.00753199
0.00789627
0.00870162
0.00882048
0.00953483
0.0102882
0.0105756
0.0118568
0.0118716
0.0124314
0.0152567
0.0156543
0.019209
0.0200211
0.0202696
0.0208798
0.0238368
0.0241791
0.0241992
0.0265668
0.0272252
0.0284674
0.0293042
0.0303121
0.0304699
0.0307068
0.0343413
0.034782
0.0358383
0.0368009
0.0372019
0.0372733
0.0420831
0.0437769
0.044975
0.0450362
0.0463148
0.0464105
0.0471099
0.0473074
0.0476654
0.048398
0.0487985
0.0493257
0.0508059
0.0511105
0.0522554
0.0559623
0.0570975
0.0577292
0.0579883
0.0598658
0.0618011
0.0620623
0.0637324
0.0665894
0.0675817
0.0686995
0.0689918
0.0693428
0.0696242
0.0718649
0.0731769
0.0732164
0.0734472
0.0736253
0.0740214
0.0770195
0.0794411
0.08024
0.0806064
0.0821591
0.082857
0.0829875
0.0854599
0.0859481
0.0874445
0.0877101
0.0891309
0.0896649
0.0897099
0.0900594
0.0907251
0.0908099
0.0925848
0.0926259
0.0935735
0.0937297
0.0939915
0.0940835
0.0952
0.0952931
0.0954871
0.0961324
0.0963412
0.0975091
0.0980084
0.0982291
0.0984126
0.100691
0.104464
0.104619
0.105493
0.108475
0.108936
0.109379
0.112024
0.11322
0.113344
0.114084
0.115697
0.116246
0.117828
0.120007
0.120525
0.125161
0.1258
0.125939
0.126358
0.126876
0.13085
0.131462
0.131518
0.132704
0.133368
0.134044
0.134239
0.13517
0.135434
0.135552
0.136097
0.136182
0.136602
0.136704
0.13717
0.138158
0.138727
0.139165
0.141387
0.141729
0.143872
0.144245
0.14638
0.148032
0.148134
0.148995
0.150506
0.152044
0.152166
0.153935
0.154984
0.155896
0.157715
0.1583
0.158369
0.158575
0.159172
0.159252
0.159886
0.160045
0.160703
0.162366
0.163864
0.164182
0.165358
0.1654
0.16579
0.16665
0.166714
0.167057
0.167079
0.167734
0.168429
0.169172
0.171375
0.171708
0.176682
0.177108
0.177719
0.178349
0.17842
0.178429
0.178613
0.180664
0.182278
0.186934
0.186963
0.190699
0.192331
0.193694
0.194359
0.195055
0.196874
0.199853
0.199945
0.200734
0.202589
0.203124
0.204108
0.208572
0.209556
0.211937
0.213168
0.215905
0.216056
0.218532
0.218746
0.218882
0.219023
0.220076
0.22049
0.220618
0.221014
0.222034
0.223611
0.223795
0.224829
0.226812
0.230352
0.231281
0.232982
0.233319
0.234106
0.23569
0.235872
0.236416
0.236809
0.236851
0.237598
0.238262
0.238673
0.238716
0.241006
0.242152
0.242447
0.2438
0.244164
0.244286
0.244342
0.246596
0.247457
0.248855
0.24914
0.250971
0.25122
0.25138
0.252168
0.254897
0.255102
0.256149
0.256637
0.256891
0.257118
0.257803
0.257883
0.258572
0.25923
0.260299
0.26094
0.261379
0.262297
0.262561
0.262987
0.263077
0.265421
0.266871
0.267348
0.268059
0.26834
0.268989
0.269171
0.269295
0.269987
0.270033
0.271044
0.272788
0.275332
0.276217
0.277505
0.27777
0.277977
0.278647
0.278704
0.278843
0.280916
0.282764
0.28374
0.283785
0.283969
0.284434
0.285174
0.286349
0.287497
0.287853
0.288144
0.288675
0.28933
0.289973
0.290332
0.290768
0.290837
0.29181
0.292735
0.294455
0.294929
0.295183
0.29652
0.297431
0.297504
0.298085
0.298131
0.299014
0.299061
0.299841
0.299852
0.300237
0.300548
0.301253
0.301738
0.301898
0.302114
0.303887
0.304317
0.304571
0.305031
0.305659
0.30578
0.305872
0.306276
0.306565
0.306616
0.306748
0.306905
0.306977
0.307241
0.307309
0.30756
0.308437
0.308878
0.308884
0.309132
0.309152
0.309282
0.309338
0.309339
0.309406
0.310868
0.311033
0.311461
0.312212
0.313133
0.31315
0.313395
0.313491
0.313494
0.313879
0.313932
0.314888
0.315508
0.3161
0.316104
0.316201
0.316284
0.316397
0.316728
0.316884
0.317149
0.317615
0.317811
0.31872
0.31966
0.320336
0.320663
0.320865
0.32142
0.321774
0.322028
0.32226
0.322278
0.322583
0.323005
0.32376
0.324023
0.324627
0.324713
0.325056
0.32526
0.325284
0.325505
0.326043
0.326048
0.32609
0.326185
0.326281
0.326421
0.326688
0.326798
0.326922
0.326941
0.326951
0.327484
0.327684
0.327924
0.328372
0.328758
0.329159
0.329229
0.330131
0.33087
0.331003
0.331427
0.331445
0.331665
0.331766
0.331769
0.33177
0.332418
0.332505
0.332653
0.332779
0.332883
0.332884
0.332985
0.332987
0.333346
0.334023
0.334027
0.334118
0.334214
0.334432
0.335132
0.335285
0.335481
0.335739
0.336415
0.336684
0.33679
0.337006
0.337265
0.337362
0.337764
0.337869
0.337919
0.338063
0.338194
0.338199
0.338435
0.338513
0.339016
0.339076
0.339184
0.339453
0.339512
0.339602
0.339619
0.339722
0.339774
0.339966
0.340005
0.340019
0.340076
0.340415
0.340476
0.340566
0.340676
0.340692
0.340757
0.340787
0.34084
0.340859
0.341143
0.341165
0.341283
0.341314
0.341315
0.341338
0.341374
0.341383
0.341669
0.341671
0.341682
0.341736
0.341738
0.341762
0.341798
0.3418
0.341816
0.341834
0.341872
0.341875
0.341902
0.341914
0.34192
0.341921
0.341927
0.341941
0.341941
0.341953
0.341961
0.341959
0.34195
0.341938
0.341931
0.341885
0.341863
0.341794
0.341779
0.341771
0.341742
0.341654
0.341468
0.341453
0.341398
0.341216
0.341193
0.341147
0.341121
0.341112
0.341092
0.341035
0.341018
0.340986
0.340967
0.340859
0.340847
0.340815
0.340706
0.340645
0.340622
0.340614
0.340611
0.340414
0.340389
0.340323
0.340314
0.339983
0.339675
0.339617
0.339611
0.339266
0.339215
0.339069
0.338933
0.338633
0.338366
0.338138
0.338096
0.337909
0.337871
0.337719
0.337552
0.33753
0.337236
0.336991
0.336942
0.336864
0.33628
0.33611
0.336031
0.33584
0.335811
0.335795
0.33566
0.335586
0.335402
0.335311
0.33504
0.334975
0.33481
0.334143
0.334044
0.33398
0.333578
0.33351
0.333481
0.333217
0.333171
0.333145
0.332788
0.332752
0.332648
0.332641
0.332423
0.332349
0.332118
0.331886
0.331821
0.331772
0.331477
0.331124
0.330901
0.330534
0.32932
0.329185
0.329137
0.328644
0.328633
0.328586
0.328087
0.32689
0.326811
0.326558
0.326513
0.32639
0.32603
0.325972
0.324656
0.324365
0.324185
0.323972
0.323462
0.322542
0.321846
0.321837
0.321168
0.319085
0.31869
0.318364
0.318325
0.317448
0.317204
0.317023
0.316993
0.316661
0.316535
0.316166
0.315923
0.315898
0.314876
0.313979
0.313806
0.313616
0.313596
0.312748
0.31268
0.312293
0.311839
0.311465
0.311159
0.310609
0.310206
0.310152
0.310076
0.309312
0.309074
0.308667
0.308595
0.308259
0.307978
0.307526
0.307253
0.306226
0.305132
0.304423
0.303
0.302937
0.302221
0.301096
0.300934
0.300793
0.300708
0.300536
0.300309
0.300068
0.299708
0.299598
0.299053
0.298643
0.296851
0.29672
0.296617
0.296263
0.294787
0.294662
0.294571
0.294473
0.294229
0.293935
0.293644
0.293113
0.29268
0.292434
0.291981
0.291882
0.29119
0.290482
0.290159
0.289348
0.289332
0.289047
0.288623
0.286619
0.286155
0.28604
0.285223
0.285169
0.284464
0.283884
0.283214
0.282777
0.282673
0.28228
0.282077
0.281852
0.281757
0.281536
0.281417
0.280916
0.279299
0.279078
0.278828
0.274898
0.27214
0.272077
0.271591
0.271271
0.269817
0.269304
0.269104
0.269061
0.268699
0.267046
0.26696
0.266545
0.266439
0.266316
0.265037
0.264571
0.263644
0.262766
0.261371
0.260801
0.260615
0.259929
0.259633
0.259038
0.257428
0.256268
0.255034
0.2547
0.254023
0.253741
0.253168
0.253139
0.252487
0.251898
0.251675
0.251294
0.249983
0.249681
0.249476
0.248002
0.247798
0.24596
0.244818
0.244109
0.243635
0.243039
0.24198
0.240242
0.239706
0.239546
0.239462
0.238566
0.237216
0.233528
0.233037
0.232777
0.231805
0.23139
0.229238
0.22827
0.227893
0.227001
0.224451
0.222614
0.222535
0.222165
0.220983
0.220812
0.220386
0.219918
0.219887
0.219175
0.218878
0.218743
0.217829
0.216642
0.215739
0.215193
0.214485
0.214391
0.213584
0.21356
0.212002
0.211444
0.211271
0.211126
0.210629
0.207877
0.207655
0.207586
0.205775
0.205429
0.205275
0.204794
0.203286
0.203138
0.200605
0.200186
0.199416
0.19879
0.191402
0.191023
0.190845
0.189561
0.188951
0.188076
0.187953
0.187455
0.187066
0.185476
0.18542
0.183318
0.182541
0.177841
0.177702
0.173655
0.173475
0.172688
0.171528
0.17143
0.171058
0.170117
0.169296
0.168347
0.164908
0.163273
0.161348
0.159943
0.159277
0.158976
0.157576
0.157177
0.155473
0.153537
0.152648
0.15005
0.149518
0.148029
0.147978
0.147896
0.146912
0.146264
0.146117
0.145353
0.145057
0.143733
0.143383
0.142992
0.139569
0.137384
0.135763
0.135723
0.134926
0.13485
0.13203
0.131168
0.131077
0.130098
0.129684
0.129156
0.127321
0.127281
0.126825
0.124597
0.123229
0.12183
0.12122
0.120927
0.120514
0.120379
0.120134
0.118587
0.117584
0.117557
0.114906
0.114627
0.114588
0.114508
0.113387
0.113119
0.11301
0.112008
0.110744
0.109926
0.105721
0.102773
0.10176
0.0978957
0.0972014
0.0956984
0.0927549
0.0924845
0.0916559
0.0907463
0.0905841
0.0897241
0.0875074
0.0869839
0.0869707
0.0839536
0.0831105
0.0830788
0.0829608
0.0823537
0.0791789
0.0789893
0.0788291
0.0762203
0.0747527
0.0743835
0.0702444
0.0699141
0.0696684
0.0668907
0.0660666
0.0659484
0.06566
0.0621507
0.061737
0.0599617
0.0596905
0.0591
0.0587732
0.0584742
0.0570364
0.0542873
0.054149
0.0538179
0.052662
0.0526009
0.051783
0.0513306
0.0496533
0.0491475
0.0489073
0.0476479
0.0464229
0.0447395
0.044587
0.0433542
0.0431981
0.0430055
0.0422948
0.0406663
0.0396625
0.0392257
0.0385053
0.0382297
0.0372314
0.0365372
0.0337934
0.0325826
0.0317977
0.0304056
0.028626
0.0284685
0.028333
0.0276674
0.0276236
0.0264227
0.0255708
0.0253068
0.0208441
0.0193926
0.0184961
0.0161739
0.0160945
0.0159673
0.015085
0.0147137
0.012585
0.0110497
0.0104888
0.00994525
0.00956841
0.00760222
0.00643815
0.0061237
0.00596523
0.00539165
0.00226618
0.00179015
0.00131985
0.000372353
