-5.18191
-4.41267
-4.40273
-4.39726
-4.31554
-4.26831
-4.17119
-4.15762
-4.07975
-4.0037
-3.97615
-3.8618
-3.86055
-3.81448
-3.60968
-3.58395
-3.37932
-3.33791
-3.32558
-3.29591
-3.16347
-3.14921
-3.14838
-3.05504
-3.03055
-2.98594
-2.95696
-2.92315
-2.91796
-2.91021
-2.79835
-2.7856
-2.75568
-2.72917
-2.71834
-2.71642
-2.59505
-2.55559
-2.52859
-2.52723
-2.49923
-2.49717
-2.48221
-2.47803
-2.47049
-2.45524
-2.447
-2.43625
-2.40668
-2.40071
-2.37855
-2.31002
-2.28994
-2.27893
-2.27445
-2.24259
-2.21078
-2.20656
-2.18
-2.13615
-2.12136
-2.10495
-2.10071
-2.09563
-2.09158
-2.05991
-2.04182
-2.04128
-2.03813
-2.03571
-2.03034
-1.99064
-1.95968
-1.94967
-1.94512
-1.92604
-1.91758
-1.91601
-1.88665
-1.88095
-1.86369
-1.86066
-1.84459
-1.83862
-1.83812
-1.83423
-1.82686
-1.82593
-1.80657
-1.80613
-1.79595
-1.79428
-1.79149
-1.79051
-1.77872
-1.77774
-1.77571
-1.76897
-1.7668
-1.75475
-1.74964
-1.74739
-1.74553
-1.72265
-1.68586
-1.68437
-1.67605
-1.64818
-1.64393
-1.63988
-1.61598
-1.60537
-1.60427
-1.59776
-1.58373
-1.57899
-1.56547
-1.54715
-1.54284
-1.5051
-1.5
-1.4989
-1.49558
-1.49149
-1.46065
-1.45598
-1.45555
-1.44657
-1.44158
-1.43653
-1.43508
-1.42816
-1.42621
-1.42534
-1.42133
-1.4207
-1.41762
-1.41688
-1.41348
-1.4063
-1.40219
-1.39904
-1.3832
-1.38078
-1.36577
-1.36319
-1.34849
-1.33727
-1.33658
-1.33079
-1.3207
-1.31052
-1.30972
-1.29817
-1.29138
-1.28551
-1.27391
-1.27021
-1.26977
-1.26847
-1.26471
-1.26421
-1.26023
-1.25924
-1.25514
-1.24484
-1.23566
-1.23372
-1.22659
-1.22633
-1.22398
-1.2188
-1.21841
-1.21636
-1.21623
-1.21232
-1.20818
-1.20378
-1.19084
-1.1889
-1.16034
-1.15794
-1.15449
-1.15095
-1.15056
-1.1505
-1.14947
-1.13806
-1.12916
-1.10394
-1.10378
-1.084
-1.07548
-1.06841
-1.06499
-1.06142
-1.05213
-1.03711
-1.03665
-1.03272
-1.02352
-1.02088
-1.01605
-0.994397
-0.989654
-0.978171
-0.97223
-0.95902
-0.95829
-0.946322
-0.94529
-0.94463
-0.943947
-0.938855
-0.936853
-0.93623
-0.934312
-0.929371
-0.921723
-0.920831
-0.915814
-0.906175
-0.888919
-0.884378
-0.876056
-0.874402
-0.870545
-0.862763
-0.861869
-0.85919
-0.857252
-0.857048
-0.853364
-0.850088
-0.848061
-0.847845
-0.836513
-0.83082
-0.829351
-0.822618
-0.820802
-0.820191
-0.819913
-0.808633
-0.804313
-0.797278
-0.79584
-0.786587
-0.785323
-0.784512
-0.780513
-0.766598
-0.765547
-0.760181
-0.757674
-0.756367
-0.755198
-0.751667
-0.751254
-0.747695
-0.744286
-0.738737
-0.735401
-0.733108
-0.728312
-0.726928
-0.724696
-0.724225
-0.71187
-0.704173
-0.701633
-0.697837
-0.696339
-0.69286
-0.691882
-0.691213
-0.687493
-0.687247
-0.681784
-0.67231
-0.658361
-0.653468
-0.646308
-0.644831
-0.643674
-0.639921
-0.639605
-0.638824
-0.62712
-0.616578
-0.610964
-0.610706
-0.609641
-0.606952
-0.602656
-0.595791
-0.589041
-0.586935
-0.585209
-0.582059
-0.578148
-0.574297
-0.572137
-0.569508
-0.569096
-0.563197
-0.557546
-0.546936
-0.54399
-0.542404
-0.534007
-0.528231
-0.527765
-0.524058
-0.523765
-0.518088
-0.51778
-0.512724
-0.512654
-0.510146
-0.508114
-0.50348
-0.500276
-0.499217
-0.497782
-0.48588
-0.482964
-0.481229
-0.478089
-0.473767
-0.47293
-0.47229
-0.469491
-0.467476
-0.467122
-0.466199
-0.4651
-0.464591
-0.462737
-0.462264
-0.460492
-0.454265
-0.451111
-0.45107
-0.449285
-0.449144
-0.448202
-0.447798
-0.447789
-0.447311
-0.436645
-0.435424
-0.432257
-0.426651
-0.419685
-0.419558
-0.417691
-0.416956
-0.416932
-0.413977
-0.413568
-0.406153
-0.401281
-0.396582
-0.39655
-0.395776
-0.395114
-0.394207
-0.391548
-0.390284
-0.388133
-0.384339
-0.382729
-0.375191
-0.367255
-0.361457
-0.358628
-0.356869
-0.351991
-0.348849
-0.346582
-0.344495
-0.344334
-0.341572
-0.337721
-0.330737
-0.328273
-0.322553
-0.321732
-0.318431
-0.316458
-0.316223
-0.314069
-0.308765
-0.308709
-0.308296
-0.307352
-0.306393
-0.304989
-0.302296
-0.301177
-0.299916
-0.299727
-0.299617
-0.294131
-0.292052
-0.289537
-0.284774
-0.280623
-0.276242
-0.275476
-0.265355
-0.256792
-0.255219
-0.250161
-0.249934
-0.247273
-0.246041
-0.245997
-0.245984
-0.237928
-0.236825
-0.234937
-0.233312
-0.231979
-0.231958
-0.230642
-0.230616
-0.2259
-0.216728
-0.216673
-0.215416
-0.214085
-0.211017
-0.200865
-0.19858
-0.195616
-0.191636
-0.180835
-0.176359
-0.174576
-0.170858
-0.166301
-0.164565
-0.157164
-0.155173
-0.154219
-0.151432
-0.148847
-0.148746
-0.143978
-0.142373
-0.131531
-0.13018
-0.127698
-0.121345
-0.119902
-0.117675
-0.117241
-0.11461
-0.113277
-0.108189
-0.107116
-0.106735
-0.105141
-0.0952093
-0.0933007
-0.0904245
-0.0867745
-0.0862368
-0.0839904
-0.0829307
-0.0810294
-0.0803596
-0.0691966
-0.0682589
-0.06298
-0.0615662
-0.0615013
-0.0603695
-0.0585961
-0.0581861
-0.0413642
-0.0412092
-0.0404076
-0.0362982
-0.0361021
-0.0341566
-0.0308479
-0.0307118
-0.0291644
-0.0272627
-0.0228788
-0.0224893
-0.0186081
-0.0165487
-0.0155776
-0.0153418
-0.014004
-0.0108518
-0.0107123
-0.00668298
-0.000770749
0.00343693
0.00801407
0.0115214
0.013166
0.0210146
0.023887
0.03129
0.0326558
0.0333459
0.0357974
0.0423946
0.0537297
0.0545253
0.0573878
0.0660592
0.0670619
0.0690561
0.0701335
0.0705157
0.0713471
0.0736611
0.0743053
0.0755797
0.0763143
0.0803527
0.0807938
0.0819466
0.0857593
0.0878167
0.0885722
0.0888403
0.0889322
0.0952399
0.0959807
0.0979874
0.0982761
0.107711
0.115832
0.117277
0.117437
0.125792
0.126986
0.130324
0.133375
0.13985
0.145377
0.149941
0.150776
0.154399
0.155131
0.157997
0.161104
0.161511
0.166822
0.171117
0.171965
0.1733
0.183046
0.185791
0.187053
0.19007
0.190513
0.190767
0.19287
0.194005
0.196807
0.198177
0.202227
0.203183
0.205586
0.215072
0.216438
0.217332
0.222801
0.223717
0.224102
0.227606
0.228216
0.228551
0.233196
0.233664
0.234996
0.23508
0.237864
0.23879
0.241688
0.24456
0.245359
0.245956
0.249549
0.253781
0.256431
0.26072
0.274473
0.275959
0.276492
0.281861
0.281971
0.282482
0.28781
0.30024
0.301049
0.303608
0.304061
0.3053
0.308896
0.309471
0.322278
0.325044
0.326753
0.328755
0.333508
0.341947
0.348203
0.348287
0.35421
0.372126
0.375436
0.378155
0.378478
0.385703
0.387688
0.389158
0.389398
0.392087
0.393097
0.396052
0.397987
0.398192
0.406244
0.413212
0.414539
0.415998
0.416148
0.422611
0.423124
0.426038
0.429439
0.432229
0.434495
0.438544
0.4415
0.441895
0.442446
0.447985
0.449699
0.452623
0.453138
0.455539
0.457534
0.460733
0.462654
0.469835
0.477393
0.482239
0.491861
0.492282
0.497065
0.504514
0.505581
0.506504
0.507064
0.50819
0.509673
0.511246
0.513594
0.514303
0.517834
0.520474
0.531913
0.532744
0.533398
0.535629
0.544871
0.54565
0.54622
0.546824
0.548338
0.550161
0.55196
0.555227
0.557885
0.559386
0.562151
0.562754
0.56696
0.571233
0.573183
0.57804
0.578135
0.579841
0.582369
0.594211
0.596933
0.597603
0.602373
0.602687
0.606779
0.610135
0.613994
0.616505
0.617098
0.619352
0.620513
0.621794
0.622338
0.623599
0.624273
0.627122
0.636263
0.637504
0.638907
0.660753
0.675843
0.676185
0.678824
0.680554
0.688409
0.691165
0.692239
0.692473
0.694414
0.703246
0.703703
0.705907
0.706474
0.707123
0.7139
0.716362
0.721246
0.725853
0.733152
0.736125
0.73709
0.740661
0.742197
0.745279
0.753601
0.759572
0.765897
0.767609
0.771065
0.772505
0.775428
0.775574
0.778895
0.781886
0.783019
0.784948
0.791586
0.793113
0.794148
0.801572
0.802601
0.811824
0.817534
0.821074
0.823437
0.826409
0.831675
0.840297
0.84295
0.843743
0.844158
0.848587
0.855247
0.873379
0.875783
0.877059
0.881815
0.883848
0.894357
0.899076
0.900912
0.905252
0.91765
0.926563
0.926944
0.928737
0.934462
0.935292
0.937356
0.93962
0.939769
0.943212
0.94465
0.945306
0.949721
0.955459
0.95982
0.962456
0.965874
0.966327
0.970225
0.97034
0.977858
0.980548
0.981383
0.982079
0.984479
0.997746
0.998817
0.99915
1.00791
1.0096
1.01035
1.01269
1.02008
1.02081
1.03336
1.03545
1.0393
1.04245
1.08032
1.0823
1.08324
1.08999
1.09321
1.09785
1.0985
1.10116
1.10324
1.11177
1.11208
1.12348
1.12772
1.1538
1.15459
1.17763
1.17867
1.18321
1.18995
1.19052
1.19269
1.19821
1.20305
1.20867
1.22931
1.23927
1.25113
1.25988
1.26405
1.26594
1.27479
1.27732
1.28823
1.30075
1.30657
1.32373
1.32728
1.33729
1.33763
1.33819
1.34486
1.34928
1.35029
1.35553
1.35757
1.36674
1.36918
1.37191
1.39614
1.41191
1.42379
1.42408
1.42997
1.43053
1.45167
1.45822
1.45891
1.46641
1.46959
1.47368
1.48799
1.4883
1.49189
1.50961
1.52065
1.53207
1.53709
1.53951
1.54293
1.54405
1.54609
1.55905
1.56754
1.56777
1.59059
1.59301
1.59335
1.59405
1.60389
1.60626
1.60722
1.61613
1.62748
1.63489
1.67389
1.70217
1.71208
1.75079
1.75791
1.7735
1.80474
1.80766
1.81666
1.82663
1.82842
1.83796
1.86297
1.86897
1.86913
1.90443
1.91453
1.91491
1.91633
1.92367
1.96299
1.96538
1.96741
2.00107
2.02051
2.02546
2.08272
2.08743
2.09095
2.13164
2.14403
2.14582
2.15021
2.20513
2.21181
2.24099
2.24552
2.25546
2.26101
2.26611
2.29101
2.34041
2.34296
2.34909
2.3708
2.37196
2.38764
2.39641
2.42963
2.43987
2.44477
2.47086
2.4969
2.53384
2.53725
2.56529
2.5689
2.57337
2.59003
2.6293
2.65429
2.66537
2.6839
2.69108
2.71755
2.73636
2.81443
2.85092
2.8753
2.92007
2.98038
2.9859
2.99067
3.01444
3.01602
3.06047
3.09325
3.10362
3.29763
3.3698
3.41714
3.5513
3.55622
3.56415
3.621
3.64592
3.80219
3.93229
3.98439
4.0376
4.07623
4.30626
4.47246
4.52253
4.54875
4.64984
5.5166
5.75239
6.05718
7.32261
