4.34324e-05
4.60353e-05
0.000113863
0.000197009
0.000253831
0.000787911
0.000825692
0.000859704
0.00103965
0.00105735
0.00118533
0.00123086
0.00133179
0.00141355
0.00162396
0.00163647
0.0017022
0.00192726
0.00210186
0.0021981
0.00251818
0.00256596
0.00270613
0.00273381
0.00277629
0.00291269
0.00292193
0.00298808
0.00301753
0.00307586
0.00326722
0.0034437
0.00378008
0.003793
0.00382079
0.00387069
0.00395387
0.00403496
0.00427074
0.00428389
0.0042958
0.00454957
0.00461117
0.00461739
0.00476937
0.00490004
0.00496867
0.00511954
0.00527985
0.00531677
0.00537302
0.00565765
0.00572516
0.00576636
0.0058534
0.00597556
0.00599109
0.00599272
0.00599535
0.00603159
0.00610284
0.00651358
0.00664417
0.00671146
0.00766238
0.00768015
0.00772772
0.00804448
0.00810018
0.00810576
0.00816268
0.00818888
0.00822059
0.00829817
0.00870778
0.00907009
0.00910604
0.00916012
0.00933564
0.00966165
0.0101833
0.0102073
0.0105044
0.0106033
0.0106401
0.0107733
0.0108775
0.0109668
0.0114566
0.0114763
0.0116752
0.0118838
0.0120639
0.0122809
0.0123537
0.0127753
0.0129603
0.0130876
0.013109
0.0131951
0.0134765
0.0134777
0.0135166
0.0135929
0.0135937
0.0139763
0.0141063
0.0143128
0.0144467
0.0149882
0.0150496
0.0150831
0.0151609
0.015404
0.0154942
0.0161026
0.0161385
0.0162238
0.0164201
0.0164995
0.0166361
0.016957
0.0171558
0.017464
0.0175871
0.0176435
0.0177446
0.0179125
0.0181931
0.0182236
0.0186611
0.0188177
0.0189258
0.019076
0.0190989
0.019207
0.0192233
0.019361
0.0194998
0.0199633
0.0202396
0.0204268
0.0204465
0.0208663
0.0210386
0.0210474
0.0214244
0.0216037
0.0216187
0.0220478
0.0220943
0.0221024
0.0221487
0.022204
0.0222478
0.0222674
0.0223077
0.0225439
0.0226729
0.0229887
0.0234315
0.0234664
0.0236708
0.0237716
0.0238077
0.0242074
0.0245312
0.025046
0.0250538
0.0250685
0.0252618
0.0253109
0.0254261
0.0254474
0.0254803
0.0257517
0.0259235
0.0260545
0.0262073
0.0263421
0.0266104
0.0267424
0.0269616
0.0269861
0.0269912
0.0270788
0.0271405
0.02717
0.0273695
0.0273807
0.0279641
0.0280101
0.0282411
0.0282498
0.0282962
0.0293759
0.0296783
0.029846
0.0300627
0.0302919
0.0303448
0.0310531
0.0311814
0.031205
0.0316718
0.0318703
0.0320323
0.0320967
0.0323343
0.0332141
0.0334186
0.0342398
0.0342565
0.0349433
0.0351582
0.0358303
0.0360033
0.0362223
0.036316
0.0365741
0.0368599
0.036946
0.0373529
0.0374184
0.0374481
0.0375926
0.0378289
0.0378882
0.0381732
0.0390393
0.0403533
0.0403744
0.0405212
0.0405909
0.0407436
0.0408415
0.0409279
0.0410987
0.0415367
0.0418731
0.0418925
0.0428878
0.043381
0.0444697
0.044751
0.0453351
0.045511
0.0460582
0.0462417
0.0465854
0.0468865
0.0472157
0.0474931
0.0477765
0.0482206
0.0488717
0.0491905
0.0505711
0.0511854
0.0511959
0.051593
0.052018
0.052065
0.0521412
0.0521983
0.0523869
0.0538556
0.0540871
0.0548452
0.0548542
0.0551483
0.0551751
0.0558103
0.0562144
0.0568059
0.0570738
0.0570958
0.0578641
0.0579285
0.0586078
0.0586435
0.0587723
0.0587807
0.0590799
0.0599229
0.0603236
0.0606625
0.061411
0.0617164
0.0618611
0.062283
0.0624326
0.0625572
0.0627084
0.0627652
0.0632345
0.0633277
0.0636628
0.0645278
0.0658245
0.0662802
0.0663733
0.0668219
0.0669875
0.0672734
0.0675975
0.0677934
0.0681392
0.0684229
0.0684597
0.0687412
0.0692519
0.0693254
0.0696157
0.0699562
0.0706532
0.0707675
0.0711084
0.0716094
0.0718241
0.0725169
0.072606
0.0727797
0.0730798
0.0733059
0.0740713
0.0741409
0.0745311
0.0753303
0.0757235
0.0757993
0.0758496
0.0764943
0.0767281
0.0772513
0.0773188
0.077345
0.077394
0.0773962
0.0776556
0.0777494
0.0784073
0.0785392
0.0787546
0.0789276
0.0794515
0.0797881
0.0805617
0.0816564
0.0817056
0.0818101
0.0819251
0.0822614
0.0823836
0.0824813
0.0825619
0.0828497
0.0830162
0.0830612
0.083121
0.0831535
0.0832518
0.083584
0.0840037
0.0845526
0.0847392
0.0848197
0.0856168
0.0857001
0.0865246
0.087077
0.0875774
0.0876546
0.0877123
0.087896
0.0880149
0.088527
0.0885405
0.0892512
0.0897111
0.091066
0.0911295
0.0911848
0.0912467
0.0915747
0.0926936
0.0927161
0.0928461
0.0928644
0.0929043
0.0933759
0.0933781
0.0936121
0.0939624
0.0944725
0.0944951
0.0946384
0.0946975
0.0949004
0.0949169
0.0950017
0.0951933
0.0954372
0.0954928
0.0958602
0.0959037
0.0961521
0.09636
0.0966857
0.0967884
0.0969152
0.0972436
0.0972911
0.097338
0.0973824
0.0977995
0.0979574
0.0981083
0.0982416
0.0982883
0.0984339
0.0985966
0.0986658
0.098678
0.0987464
0.0988346
0.0990985
0.0996311
0.099856
0.099976
0.100249
0.100622
0.101183
0.101293
0.101506
0.101553
0.101621
0.10165
0.101784
0.101805
0.101882
0.101984
0.102091
0.102145
0.102199
0.102359
0.102406
0.102615
0.102626
0.102639
0.102979
0.103054
0.103082
0.103099
0.103105
0.10312
0.103135
0.103286
0.1033
0.103322
0.103361
0.103377
0.103406
0.103406
0.103499
0.103588
0.103604
0.103703
0.103727
0.103858
0.10405
0.104094
0.104217
0.10434
0.104509
0.104523
0.10471
0.104748
0.104831
0.104835
0.105054
0.105221
0.105307
0.105348
0.105353
0.105448
0.105487
0.105557
0.105612
0.105677
0.105683
0.105711
0.105742
0.10576
0.105848
0.10592
0.105948
0.105957
0.105986
0.10601
0.106092
0.106187
0.106209
0.106316
0.106462
0.106685
0.106688
0.106708
0.106736
0.10674
0.106743
0.106801
0.106801
0.106811
0.106813
0.106844
0.106846
0.106857
0.10686
0.106863
0.106863
0.106862
0.10686
0.10686
0.106854
0.106824
0.10682
0.106781
0.106699
0.106658
0.106652
0.106645
0.106633
0.106598
0.106595
0.106585
0.106568
0.106558
0.106497
0.106497
0.106487
0.106482
0.106481
0.106431
0.106426
0.106408
0.106391
0.106314
0.10631
0.10631
0.10626
0.106188
0.106181
0.106176
0.106091
0.106074
0.106047
0.106022
0.105928
0.10591
0.105612
0.10553
0.105454
0.105012
0.104942
0.104849
0.104786
0.104743
0.104667
0.104506
0.104479
0.104447
0.104271
0.104105
0.1039
0.103827
0.103765
0.103701
0.103698
0.103663
0.103619
0.103478
0.103332
0.103234
0.103081
0.103063
0.103021
0.102806
0.102473
0.102454
0.102386
0.102215
0.101893
0.100971
0.100898
0.100862
0.10072
0.100707
0.100606
0.100515
0.100493
0.10046
0.100446
0.100401
0.100382
0.100216
0.0999647
0.0997923
0.0995152
0.0994637
0.0993309
0.0993069
0.0992814
0.098911
0.0987782
0.0986826
0.0984045
0.0983486
0.0983336
0.0981551
0.0977111
0.0975096
0.0974059
0.0973755
0.0970016
0.0968653
0.0965009
0.0964568
0.0961362
0.0955887
0.0954026
0.0950766
0.0948763
0.0943638
0.0943377
0.0942723
0.0941328
0.0940886
0.0932223
0.0931419
0.0928916
0.0926151
0.0914819
0.0906243
0.0900649
0.0900633
0.0898994
0.08948
0.0892846
0.0890528
0.0889379
0.088829
0.088651
0.0884028
0.0882987
0.0875329
0.0873488
0.0871861
0.0865637
0.086407
0.086227
0.0858928
0.0856849
0.085334
0.0851399
0.0846481
0.0844411
0.0842467
0.083739
0.0837329
0.0834795
0.0834434
0.0834237
0.0831442
0.0827458
0.082685
0.0816499
0.080887
0.0796446
0.0793451
0.0786226
0.0785032
0.0783611
0.0779998
0.0778616
0.0778169
0.0775928
0.0774096
0.0768431
0.0766346
0.0761291
0.0759201
0.0753743
0.0751856
0.0751655
0.0751205
0.0743323
0.0742417
0.0742298
0.0734091
0.0731178
0.0728375
0.0726261
0.0725656
0.0718464
0.071813
0.0708227
0.0705468
0.0691743
0.0684358
0.0683177
0.0672842
0.0651355
0.0650208
0.0650043
0.0648608
0.0648384
0.0645749
0.0644159
0.0640807
0.0637938
0.063739
0.0634932
0.0625187
0.0621433
0.0612574
0.0611469
0.0610896
0.0599313
0.0599054
0.0590384
0.0589598
0.0589414
0.0587106
0.0584403
0.0581772
0.0577017
0.0571589
0.0570982
0.0567831
0.0564487
0.0549438
0.0547724
0.0546813
0.0545861
0.0540079
0.0538991
0.0536856
0.0532139
0.052986
0.0528807
0.0523631
0.0521688
0.0515512
0.0509524
0.0508986
0.050788
0.0503102
0.0489013
0.0482766
0.0476346
0.0471911
0.0471618
0.0469984
0.0464437
0.0460204
0.0457347
0.0456772
0.045649
0.0456339
0.0455113
0.0450234
0.0437824
0.0436565
0.0433521
0.0432533
0.043123
0.0431044
0.0430838
0.0424668
0.0422937
0.0420133
0.0416455
0.0416145
0.0414004
0.0410986
0.0405368
0.0403742
0.0403084
0.0398477
0.039555
0.0391206
0.03906
0.0388566
0.0388243
0.0387646
0.0385904
0.0385582
0.038339
0.038271
0.0382699
0.0382562
0.0377876
0.0369931
0.0367598
0.036672
0.0362521
0.0353057
0.0352543
0.0351255
0.0345018
0.0341829
0.0340537
0.0337653
0.0337061
0.0331083
0.0323545
0.0322438
0.0318843
0.0318487
0.0317105
0.0311952
0.030836
0.0299181
0.0295754
0.0293797
0.0288611
0.0283819
0.0283043
0.0283002
0.028183
0.0279245
0.0277915
0.0277764
0.0277106
0.0276017
0.0275742
0.0273751
0.0269679
0.0268687
0.0267928
0.0265335
0.0264415
0.0260718
0.0258681
0.0256852
0.0255882
0.0254384
0.0253991
0.0246041
0.0243724
0.0242607
0.0241907
0.0230214
0.0226694
0.0226283
0.0224131
0.0223575
0.0221761
0.0221539
0.0218065
0.0216944
0.0214794
0.0213692
0.0212741
0.0212736
0.0212721
0.0212289
0.0207614
0.0204343
0.0201926
0.0201898
0.0197973
0.0193697
0.0191096
0.0190884
0.0189837
0.0188624
0.0186455
0.0186423
0.0186298
0.0184144
0.0181123
0.0180177
0.017926
0.0173674
0.0167387
0.0167301
0.0166012
0.0165523
0.016437
0.0160632
0.0154799
0.0154175
0.0151685
0.0151477
0.0148308
0.0147966
0.0146846
0.0144003
0.0138865
0.0136992
0.013576
0.0134872
0.0131754
0.0131212
0.0130979
0.0130271
0.01294
0.0124768
0.0123558
0.0121608
0.0119025
0.0113932
0.0113538
0.0112528
0.0112165
0.0110835
0.0109233
0.0108367
0.0108199
0.0102793
0.0102632
0.0100911
0.0100751
0.0100586
0.0098573
0.00981424
0.00966212
0.00943788
0.00942392
0.00935164
0.00926859
0.00903682
0.00887784
0.0086672
0.00849146
0.00848783
0.00848483
0.00820338
0.00817685
0.00809643
0.0078118
0.00779701
0.00770655
0.00768588
0.00735786
0.00731477
0.00721036
0.00717582
0.0071379
0.00711401
0.00710231
0.00699283
0.00684764
0.00682142
0.00681293
0.00672458
0.00646445
0.00631697
0.00613155
0.00584567
0.00575779
0.00534453
0.0052653
0.00519581
0.00517975
0.00500778
0.00497512
0.00472393
0.00459946
0.00445125
0.0039993
0.00387246
0.00360387
0.00355834
0.00349452
0.00342851
0.00305779
0.00302444
0.00268207
0.00260003
0.00242142
0.00228839
0.00227148
0.00226393
0.00221896
0.00203939
0.00188726
0.00172751
0.00159188
0.00143356
0.00136913
0.00135154
0.00122435
0.000924575
0.000274918
5.63244e-05
4.94011e-05
3.121e-05
